# Directed graph (each unordered pair of nodes is saved once): roadNet-CA.txt 
# California road network
# Nodes: 1965206 Edges: 5533214
# FromNodeId	ToNodeId
0	1
0	2
0	469
1	0
1	6
1	385
2	0
2	3
469	0
469	380
469	37415
6	1
6	5
385	1
385	384
385	386
3	2
3	4
3	419
3	422
4	3
4	5
4	98
4	420
419	3
419	420
419	35698
422	3
422	183
422	423
422	37415
5	4
5	6
5	98
98	4
98	5
98	470
98	35729
420	4
420	419
420	35709
7	8
7	9
7	79
8	7
8	33
9	7
9	10
9	84
79	7
79	78
79	119
33	8
33	32
33	34
10	9
10	11
10	84
10	110
84	9
84	10
84	83
84	85
11	10
11	12
11	110
110	10
110	11
110	111
110	112
12	11
12	13
12	95
12	108
13	12
13	14
13	94
13	95
108	12
108	109
108	113
108	123
95	12
95	13
95	96
14	13
14	15
14	16
14	77
94	13
94	77
94	93
15	14
16	14
16	17
77	14
77	17
77	94
17	16
17	18
17	77
17	3254
18	17
18	19
18	3254
3254	17
3254	18
3254	3255
3254	36971
19	18
19	20
19	23
20	19
20	21
20	22
23	19
23	24
23	25
21	20
22	20
24	23
25	23
25	26
25	27
26	25
27	25
27	28
27	29
28	27
29	27
29	30
29	3255
30	29
30	31
30	3247
30	3253